Published,Source,Domain,Title,Url
2026-03-24 03:00,Axios,axios.com,OpenAI will shutter Sora video app,https://news.google.com/rss/articles/CBMidEFVX3lxTE8waG0zQjM0TVNmTmdOcXh3NWxlNG5CQks3aGhLNFlZVWlXRkNLVDlQM20xdXpUd3lNSXhtLXFZTlFlNjR1ZVA4SWI5MkRCeVRCa0ltci1CV09ybzNzbkQteUVBNWZ5MTAyU0pjX01raGpGOXl2?oc=5
2026-03-24 03:00,Bloomberg,bloomberg.com,"Microsoft to Rent Texas Data Center Dropped by Oracle, OpenAI",https://news.google.com/rss/articles/CBMisAFBVV95cUxNR2dLRkJYQlpSRUZXeWZDUkkzb3VlejBnbldwTzJJMG5FSndwZHFNaXlqdEN3Qm5jYS03ejM2NFZnLUhoNGxkUHRBY0RNUGxvck51R3k3QTc5a3gwOFVpQVFXS0ZtVWg5aXFUc1d1Ri1pMTJITDJlTF9NTWVDMFNUcDFWS0RNVk0wdlNQTmJtUmZPc0QtTmVpbjhLalNJS2MtaVhmTzdHWno0WGZTZ0lsbg?oc=5
2026-03-24 03:00,Business Insider,businessinsider.com,OpenAI's Sora decision is all about AI compute,https://news.google.com/rss/articles/CBMinwFBVV95cUxQUURZRVJtVURVOWVNeHk5VlRHX1dpcnUwUG96ZEJuLWQxV0sxcFNrc24ybjdFclk0NU1fQWVZMkRWemh0T2RkN2d4X0w0R2FISDJIUGxobjBMU2NOTnI5c19JOFlMLUhrQzlMTXBwVlZJcHNJUlA0Snp3Nk9jTjByTHFpMndVU1pSOGFMRm1VaWhFRzRpQkZUZUlhcjI4OEU?oc=5
2026-03-24 03:00,CNBC,cnbc.com,OpenAI shutters short-form video app Sora as company reels in costs,https://news.google.com/rss/articles/CBMipwFBVV95cUxNeW8xOHM5TUZPbXlRT3JyNnpaUjZZaU1oeGY2NlMza01jOUQ2YnVWMVkydURlRzV2Y3Z4OHFBNWk3NVdVUmRxXzFxcDZySXo0SWh4NGQ2RFAzVm5ib01mLUJTV09UQklHRkVYSzAydDNDRTZlMmtZd3N2b3pHUlpBM2pIdDVJNnNhTjZJWTNUcEY2bmpodFpzUm56OEZYcFRlSlVTaW41NNIBrAFBVV95cUxNVk9YUVFkcWhSaDYxeU9aUFRHTzBJeVNuZW1POHZFU1doZ2lSNXBmQS01S0ZmUmY1X0VwRWd1TldFU29CNTZmT3p0alQtNDQ4Ui1qVk5JeDhoNFdLREZQV0hRVUdsX3Y3VDR3ZVpFQ1V6Qncxclg4YUJQMUlNTUc4d0VfZ0JNYS0zR1EzLWdHX1BkaTd1Y1R1N1VSMjcwSm1oX3Rwa2ozUDJpeFRM?oc=5
2026-03-24 03:00,Reuters,reuters.com,"Microsoft to rent Texas data center dropped by Oracle and OpenAI, Bloomberg News reports",https://news.google.com/rss/articles/CBMiwwFBVV95cUxOc1hNeGRkdm5jaGcxR3FfblJIamJfZElGQlZySEs0N0J6VDZZdjRkM2U4NlRlcjlUcXdNSlpzOU5LTzI3WExidl9mZVBWYS1WQTVsSlM3clVpRkc2UjI5WlJzSGZZeDFqLUxLZC15Q0dQcjlaZjl6enRmRVBvUU5KSUlFYVNlb2phOHZBYW1ZMkU4NDVxR2ZnbTBqQkhmdjVFekEtUjU4U2pEelFnTnVnOWxHSUdTejY3NVU3Q3YtUS1DbU0?oc=5
2026-03-26 03:00,CNBC,cnbc.com,OpenAI ads pilot tops $100 million in annualized revenue in under 2 months,https://news.google.com/rss/articles/CBMimwFBVV95cUxQRDRtZVFRY2ZIQVFRdmFDZzIzODUtMG5XZ2oxT3IxRjVBakxtVldRek84b2x2V0prdVd3dloxVThvZ1hYOXo0aFJXR3d6SVVCWmw0Ukh6aVpfM3VxdGM1ZnFHd0g1ZjdrekxIYlVERGg2S3hsRUJVTG1EejhvWHZTM2YybnZOTUllVFlkTE11RWt6MlJhbVRfcENsb9IBoAFBVV95cUxOUU01SlRyNXd2R2Ztc0dJbGRrMS1kVm9UVUc2cmlDUmdMM3Z1M3QxRXI3N1BYd3g2dVBqTy1jUmxtX2dBTmthOE1UTEZxSG5TRTBsdWZyU0RNSzU3VHV0SDZYMGZ5dTNRWGNYNXdTVFlVYXlDVkxqcmFxVkRyLXg0LVgtUzZYckRTWHpCNFhsX01meGJtVkhMSVJRVHBzU0kz?oc=5
2026-03-26 03:00,New York Times,nytimes.com,Local Opposition Is Slowing A.I. Data Centers. Wall Street Has Noticed.,https://news.google.com/rss/articles/CBMipAFBVV95cUxPYzZYV3JjeUthS2U3Ukg2c1R5NWFBaGZhVzhDZldlRFVUaUJ0MF9sYmZOTWphVmJYSFNZV3BwOWM2SU56aW1KdURxUmxUQmk5WWlKeF91eGQyRGdWVEsybklDMzlyb3VnbmViM2JHMlhpOUxBS2huWngwNXFSVUEtb1NBMDBvRFlhS05XcmVtRVlwbnZaVUMxc3B1X2t3VU45ZVFaag?oc=5
2026-03-27 03:00,Bloomberg,bloomberg.com,"Microsoft Rents Data Center Project Developed for Oracle, OpenAI",https://news.google.com/rss/articles/CBMitAFBVV95cUxOOTBSVHg1V3lPUnBNQWpmZHEwemtfT0d6S01aeWROYmd5T0l1N0tsUWxNd2VEN0d1TjJMY0JjQmtzT2hLRUREUzU3eXZRR1YzNncwV3F4ckdYQm1WRGdwSG1CcEI2U2p2R0JjaGdVM2hjRUlxdmtFcTExWm9VZHA4TUZyOXBpY2ZyMVBpeWJ0V0ZzQnppYUNpbFVLU09OdTlfU19GLS1lRG5OTEd3SUFBR2hqdnQ?oc=5
2026-03-29 03:00,Yahoo Finance,finance.yahoo.com,OpenAI funding fears hit memory chip prices,https://news.google.com/rss/articles/CBMiogFBVV95cUxPTHRHcllHaVkxWFlZNFJ0MkRMb1NmTmZuT1NxdHdJU2dBQWhRWUxPM0tBcVFyTzhtZXc0V19vRWJlS0hEWU1odDk2T2dDcjFTNlFiZWNWVkF1ZWdLczRLaklWNEg1Ul9RYzQtSjZOcVdTRDYtN2dINE1YOWpTZExoNWFZdGl4ZThvOUVDZFNqSC1WSVFfM2E1T2paYjc0TWJBOGc?oc=5
