Published,Source,Domain,Title,Url
2026-05-04 03:00,Benzinga,benzinga.com,Pfizer: How To Earn $500 A Month Ahead Of Q1 Earnings - Pfizer (NYSE:PFE),https://news.google.com/rss/articles/CBMixAFBVV95cUxQMkFCd3RFVVhVUXBHX19uRUdJOXVZZDlCYUlBOERjOGlJM3ZZNFdSV2FQWmYzMEc1UURYbTFob0dRb3N6LVhiUDBrWTJya3JvUmhrcTlDYUEyQmktNm00a2s2S3VnMk54MTNadlR6UmRWLUd2OV82Zk14dmM1a0VFcTNXXzdJYW1MRjhxN1lIZkdpdTNwbXN6U1hlSk01ZkJEU0g4NndVYjB1R2VpUzZ4MVRLeXhVNVRVLXlyd2swUXEtallO?oc=5
2026-05-04 03:00,Investing.com,investing.com,"Pfizer earnings in focus as investors eye pipeline, patent cliff By Investing.com",https://news.google.com/rss/articles/CBMitwFBVV95cUxQLUZGc1c5cVUyanRsUlBqMTVZeEx2V1hJdTI1TXE5WkwtRGE3dHYyWjM4ZkM2YTJCM3ZxZXVFb0J3UVdVWDl2ZVVIbEdiQ0hrcElCTGpNM000MWNhZEpIdTlYQzFDWVFkUEdXSUdpbDBzQks0bHo0aEdYQUVYckJLaWJOanJKbUVWZXVCOVlzMFl2dWhmS1NLSjBzS091ZXJuTlZ5d2ExNm5uc0l6SGV3NW92R3BtcU0?oc=5
2026-05-04 03:00,Yahoo Finance,finance.yahoo.com,Do These 3 Checks Before Buying Pfizer Inc. (NYSE:PFE) For Its Upcoming Dividend,https://news.google.com/rss/articles/CBMilgFBVV95cUxNREtPT25OUjhId2RjR0dZR25OMU80ZTAxdVc1OWxpbVhkajFkeVVFNnRNaFVUdzk4TEtFQ2ZKdmhJOHh4Z09sOEhQRng5Wml2X3YxemFQbVJNRm90Y2tRN1plLWRnV1VEZ3MydktycVMwSGxNdTVHYlVjOVc3NHlaRmdWbkR5NUNWeW9FV2w5cy1VU1l5UHc?oc=5
2026-05-04 03:00,Yahoo Finance,finance.yahoo.com,"Jim Cramer on Pfizer: “If I Want Good Yield, I’ll Buy a Bond”",https://news.google.com/rss/articles/CBMilwFBVV95cUxPNndqbXZnOGVhM2FTZWVtUGlkTmh2Z2Uydkh0SGxqTVNUd2RzVkJuOHRJYWJMckE4OVFxSV9objkwRXJLcWpXRGVicUt5VmZubGZxT0w4TE5OT0YxRTJfM0JpMFd3a0NmYUZTQUFyZzlKQ0o3WXRUazdNLUJ5eTN0VWpmbFhsUVU2aHhnN0w2MVN1OUxuNzFz?oc=5
2026-05-04 03:00,Yahoo Finance,finance.yahoo.com,Pfizer Earnings: What To Look For From PFE,https://news.google.com/rss/articles/CBMimAFBVV95cUxNSHJ2ZlFaUW1OMUhRN1ZXejdza2xvS21Qa1p1aGFabzNJVldKaHhVZ0owWTh3NjRORjEtS0pOS2VaSmpVM1ROT1JIMTB6MDVIUVJ1eXd2azBUcUxYZ2NzLWtPNUlmbUJ2eXd3RlRfYXd4ejVhYUJOWlFEV1lEaDR5Zy1hN2U5UVJHN0s0ZDFBWTFNUjBBUTlZRQ?oc=5
2026-05-05 03:00,Barron's,barrons.com,Pfizer Beats Earnings Estimates. The Drugmaker Is Finding Life After Covid.,https://news.google.com/rss/articles/CBMieEFVX3lxTE9vMUI3Z1J4UFlGSzZBU1lVYW0teVFmTGVmSVI2ZGpKZTVTZ0NhX3ZqMlFlZDhKcjNESzVEVW1fU05qZ0xlOVJoV1lDYktPT2FaVXdhUWpmbko2MHdpQldJREZqVlBOcTBZajdlNWs4RlRnTl9DVDZ1Sg?oc=5
2026-05-05 03:00,Benzinga,benzinga.com,Pfizer Says Vyndamax Drug Patent Settlement Reshapes Post-2028 Revenue View,https://news.google.com/rss/articles/CBMizAFBVV95cUxQU1FicVNqd1h3UFc3endNREkxLW5Kb0EwZ1dfbTFGLXU4b3VJQWNvV3ByNDY2VUVQUzV4bjM2MDhHZWlxTGg3MDFlZV9LcThfaGgwWEF6dWNfbHFRX0RrT3dKUUlNeDUyNm1vazhWNWQwaXRjT1QyMHliRkJ1OWVJekFJTWo4dWQtdi1LZEU3Q2s0bElnUGJfS1JENTZzX0NQQ2NveGc2VGltMHBwTVpNLXNDTzMzTkJLWWhSX25uWUV0d3Raa2dLbVJ2TEg?oc=5
2026-05-05 03:00,Bloomberg,bloomberg.com,Pfizer Beats Sales Estimates as Older Blockbusters Outperform,https://news.google.com/rss/articles/CBMisgFBVV95cUxNTjhKQWRzQ2dTTFZ2OWJmUnlWSi0yUnJZbTI0di1DZ245M1Q4VXlKNmVCV1FKTFBnWG85aDVoTVBlRm9sbFBOdmNEck52aHdkeFRSc0VDRXNCWl82VDZ4X2NpVjhxVTdQOWtMenpTNVVvTW5xUXRxSlhBcFJLS0tuWFpMOHZxcmdUVnZ6QkF3TTVqbGRJbHRkSlpGcDdEZElRYW5IUDdUNUhLNjg2R3BkNEpn?oc=5
2026-05-05 03:00,Business Wire,businesswire.com,Pfizer Reports Strong First-Quarter Results And Reaffirms 2026 Guidance,https://news.google.com/rss/articles/CBMixwFBVV95cUxOVVpLQm8wT3ZJTWtCcHdJOFJjTGZGWjBZLXNyelRRcXMydmxOTWRHaWpIRXcwNEJfV2ljbkdYdDVLcE5TTVlmM2swNHFrV2NDeDd0V3dXbzc3aFFSN0lyNlQ4V3ZLWXo5cktnVGFSQllXUVM1TEVpcjJ0azZtM2taTE5fNXk1X051eE5nYUNGT2lqbTI3b3Z0SG1Bc1ZtT2otcHMwZHZaRHZGdkRrN0FiN0VxQ2NKdkFVYnRlbXMzcjdKU1R5Uksw?oc=5
2026-05-05 03:00,CNBC,cnbc.com,"Pfizer tops Wall Street estimates, reaffirms outlook as newer products show growth",https://news.google.com/rss/articles/CBMickFVX3lxTFBrZHdWS3A1blJxbjF5OUVqVzZSUzFFVklCN3B3NjIxNkpUQm4tdG40TUdWTHlHYU5XaDFTSkNCbzZKbktFQnBQR0JacVdlY1ZfVk5MTE5GOFAwcEFhdUF6bmZMakJmWGlPYXJieXh0Nkh1Z9IBd0FVX3lxTE5Zd2piU2tXNVVnbmtJdnRvenlrV1gyUi02MGxEbGw1VlRtZm9xbTkzejNIczluWXE3cnFCQmExV01IR21FN0ZjVVFJXzZGajVVeHJ6dlZvNHZkZkM5a2JkaUJJNUx0WlVBTXBmY3hCSWJWNU5Sb3VR?oc=5
2026-05-05 03:00,FiercePharma,fiercepharma.com,Pfizer delivers strong Q1 but keeps guidance steady amid COVID seasonality,https://news.google.com/rss/articles/CBMiuwFBVV95cUxNY21CUEpESWdUN1BSZzJqU3EwNlVfNHp1UWhqY29MUVZ4Vm9aY1pOaV9wakZnRnZ0OFhsbXdYNXMyZV8wTzFOTVd5aGRDcHg0X29jUXBtSGJXOEdmOTA0bVJXbV9VM3MwUTlCaFQzV2g1ZlRvRjF5dlBWNjJvMDBxV3Z5M1VKVG0xUlFoYWJMV1hWdDdkV2ZjOWl2TFZIazhmRlhNRm4xXzNRUUxjYWJDamp0YVBFN1RMYzhz?oc=5
2026-05-05 03:00,Investing.com,investing.com,"Earnings call transcript: Pfizer Q1 2026 beats estimates, stock rises",https://news.google.com/rss/articles/CBMiwAFBVV95cUxNTWU5RkRjX1lDUFFHZDN0cjU1bVBob1lGWm5HVlVUUW1YUEFPb3NRc1JXVXl1dkxHTE80dGxrS1JCbnhNcDVDWUI1cVJNQ0QzakxlSFhra1E1Rno0bHd2YV93T01hYW16anBxNUYxaEJUUXhOWU5RYlQ0RWV1dWlTXzJNQ2JXS1laYjRRcHp2R2dqOWM3M1M1Z09NUjNSVldnX2F3MElndlNqOVg3MDhMaE5Wd0p4dko5b3AtV19Ma2U?oc=5
2026-05-05 03:00,Investor's Business Daily,investors.com,Why Pfizer's 'Mild' First-Quarter Report Likely Won't Satisfy Skeptics,https://news.google.com/rss/articles/CBMihgFBVV95cUxNeG94UGFEQVFGVE5sbHNQdUJkT1VEMk94WGFiZkRZTDdiNUJOWWs2cEs5endQejk2cGdmRUNkWnUzNUlLczJNMUtPaWVpTjI0U01uNzdqNkV5N094TlBEaUo1YVNiNmVfTXJQVDE2Q3NfRmRMekZkVW9FcE9OZDRaaUhWLXRBUQ?oc=5
2026-05-05 03:00,Morningstar,morningstar.com,3 Dividend Stocks for May 2026,https://news.google.com/rss/articles/CBMicEFVX3lxTE5LVnYzaXhrdUZzYkNFNURnZlVMaUZBa1FTRVo1X3d5bmZQU0tlRC1lTDNmbkYzV0I5LXl0a1hIbkZDY3A0UEhfMTZ4YzctWkNsN1pMVk1HOGVpd29JTTdubjZFRmQ5dFdYNk4wZXBfV0o?oc=5
2026-05-05 03:00,Morningstar,morningstar.com,Pfizer Earnings: Strong First-Quarter Performance Makes 2026 Guidance More Achievable,https://news.google.com/rss/articles/CBMiuwFBVV95cUxNUWZjT3pWbG8ybThlOWJxVjItTDVham5QM2YxamxPVjF0SXNKdWNCQ3hfSGFjQlJKSEVXdlgyb0FEUks4YTRlNmYyWlpjRlhfb1dlenJLTWx3Yi10Tm82NzNfUkdUU0VWYkNraDBiX2xlYU0zQzdmdnByX2dyMTBpYS04UUNfLW1EalcyOVRwRkJoMjE4d2EwdFFmNGtiSGNDMGpCdEYzdWdYNTQzUDduWEZQR2JaRi1Zc1l3?oc=5
2026-05-05 03:00,Reuters,reuters.com,Pfizer pins post 2028 return to growth on new obesity and cancer drugs,https://news.google.com/rss/articles/CBMi5gFBVV95cUxPYnluLWVzNG52NWFnWXc5X3JLbFBNLU1XSFFDSVF5clBDVjdqOV9ldzVJSGdLME0yUHBuV2xudDFzbFBXQk90MlR3Wm1hSFlRRGtoeFFackpudERBN09wLUJ2N2VTNjBraV9tdU44VjdFVE9zTG82RTd6UjNCS0MySnlUR1E0cnBhSmY1TVhIV1Yyb2t3VHBucWkwaUlJNkowWjFoZFZhV2ZtT2pUaVE2eG1yOTFxT0xuV1NQekFDeVh6c1lxXzFMYWFMRVdMSVo0M0l2YUhoZWhiek1TbWtDSDFhTkJKZw?oc=5
2026-05-05 03:00,Seeking Alpha,seekingalpha.com,"Pfizer Q1 Earnings Review: Stuck In Second Gear, But Dividend Helps (NYSE:PFE)",https://news.google.com/rss/articles/CBMiqgFBVV95cUxOdW1fWlJnWFlZWHhqOFhSX2xCenlsMkpFd1hhRDkzTFd1MWpBN190V2ZBUkc2RVZuX1JYME4yU2RBeDI5YUx6ZExWWTZyNVFTZmVucHQ1NjktZVFGclZrRjhxWjFhRklIZng3dF91U2RCczAtV2R2T05MZE5kRUVMNnFzTTdHYUszUDhFM3dXZnZUSXdzRWx4ODdQU2l6N3MyQVN3TEd1ajBKdw?oc=5
2026-05-05 03:00,The Motley Fool,fool.com,Down as Much as 55% and Still Magnificent: 3 Dividend Stocks Worth Holding for a Lifetime,https://news.google.com/rss/articles/CBMijAFBVV95cUxOTlUxRHlmRWFUTEVtMlZsSG9fSzN2WW1Eem1GSWZNbXZ4cmhsbklVeWlERkNnUWt4TDRwUGcxRzNDREE1Z0NZV1h3b1RGVFRaYVo0V2pTLWN0SmRTWFlMTlRSY0FEbC1kQ3ZWaV8tMkJkTHlxZnpMVVFEc054Rk5CUVA0NW5WRngtOEdTMQ?oc=5
2026-05-05 03:00,WSJ,wsj.com,"Pfizer Posts Better-Than-Expected Revenue, Profit",https://news.google.com/rss/articles/CBMiiAFBVV95cUxNejd2OHlvLXA0SWZXNWhhQlpKN2o3aEwxczM5X3lyRWJPaTdsbmdkLTByTjkyb3FxUEVyOU5VUVJ0YUwtQ0ZwV1VHdlQ1SGVELUZFdmdQWlg1MXhDR2ZlNGZ5d0p0Qk44SDQ3UENiNHNZeHhSZDJCWHFNUThIQ1VIc1M0c21LQVBr?oc=5
2026-05-05 03:00,Yahoo Finance,ca.finance.yahoo.com,"Pfizer beats Q1 revenue and profit estimates, reaffirms 2026 guidance",https://news.google.com/rss/articles/CBMihgFBVV95cUxNQWhQOVUxSjZtVXA0OE1RdUdONExoOTBGdlFSc3J2aDBHNGtwTGxwa1JaYm1fRXotUmQtLXFua2drOG11a0p5dVpENnJYYlJWUmJfbk5neGZPbFNqX0RxLXBrYTBKSnpqaFZkRTZPaXBxcnk0X09rSUF3TDIzYjJCeUJDaUZjZw?oc=5
2026-05-05 03:00,Yahoo Finance,finance.yahoo.com,Pfizer (NYSE:PFE) Posts Better-Than-Expected Sales In Q1 CY2026,https://news.google.com/rss/articles/CBMingFBVV95cUxQTDA3QWJqR3BZOTA5Z1VZWXl0QjNzbGRIbVRNbVNCZEl5TzZCQUxZenhZa1pjNVdrMTJNYzRRZFl4WmtTUGlvQ01IbGUwdXJiRnV5YlBkZHlGOXdnNXlfaS1oRmtEdUhTUTQ0cmJnU1JLMFgyaEI5eW90TWNDZms5QkRsX0tiNS0zYlJtV1NTa3hkYUhkWjdpbnVkdjVVdw?oc=5
2026-05-05 03:00,Yahoo Finance,finance.yahoo.com,Pfizer (PFE) Q1 Earnings and Revenues Top Estimates,https://news.google.com/rss/articles/CBMiogFBVV95cUxNV045V2pKbFJLYUZPelJGNHhteW5QX1FIWkFZVVJUZ3YwM1VrR3lPbG16SU9qLUtBMm5VZXVDcVBQWEFPcTBFbFRqd2VZNjdVbENtZnZMYVRLT0VWbXEzSndIWjBoVk85bmpOQ2hldTc5bXVKal9JM0JHYUNLRUprTzlWb0pzMV9jblhSQTU5blBYTE1uem1HZm00d2J1dkhtLUE?oc=5
2026-05-05 03:00,Yahoo Finance,finance.yahoo.com,Pfizer (PFE) Reports Q1 Earnings: What Key Metrics Have to Say,https://news.google.com/rss/articles/CBMioAFBVV95cUxPX2JONDl4WUJfWmw3YnZQaENGdE45ZWFZQWNuazF3a3Z4emFZeXU0YjUzQUJGODVwSnNBVV9mel9TYktLalRPb211THhNckstOHZlVE4xM0RpYks4eTMzNmtaNGF4SW40VnBPMG1EZUtSSFhYQzRZRzVKbFJ5SF9JSWItRGpMRHhsUVpYLVVGNDdwWUJxYXRJWHhpeXRtN2xu?oc=5
2026-05-05 03:00,Yahoo Finance,finance.yahoo.com,Pfizer Beats Sales Estimates As $17 Billion Patent Cliff Looms,https://news.google.com/rss/articles/CBMiogFBVV95cUxQc19VUjVtako4ZjVhVTNWQzRlZDVvVkRBOVV6X2dUc3FRQ3g1TWRER3NWX1FjNHZQdWZmU0VUZTl2SGF0NGdZUV9oODY2QUQxNHV1X0xQdWNxdWxDZDRVMU9hMkx3Unc0OElYQ2Yxc1dZZkhHV3lVTzExZmxZakpIZWp6TmdWMWUteUVzY2dwbTF5ZXdPMkVNQ0hXdXNqR0RZSmc?oc=5
2026-05-05 03:00,Yahoo Finance,finance.yahoo.com,"Pfizer Beats on Q1 Earnings, New & Acquired Drugs Drive Sales Growth",https://news.google.com/rss/articles/CBMipAFBVV95cUxOcUV3VlNRa2psYWNQNXh6aTVETl8tamY4TnN6MGdSakdFblBiRkd0VjBKYk5EOUxLMXI0S1B5N3JqanNIcDNlMkRVZEh3WHJyLTdiTnpqdVd1NmNBUnVNMTdWb204YlFHUjRNYVQwbEZpTV84NDdpOEJOaUc5M05kVUtUMkczbmZsVWlscGZ3a3dEcDJ1eG1scElaWGhEbTVrNG9PUg?oc=5
2026-05-05 03:00,Yahoo Finance,finance.yahoo.com,Pfizer Oncology Advances Raise New Questions For Valuation And Momentum,https://news.google.com/rss/articles/CBMirgFBVV95cUxNTTlmYmhtWnUtekpyUzl6ZnJ1d21GSG41SXVXYzVJaEZKZU5rOHZ6ckJ2akdOLW9WUXJRT2pOdzJtb0ZJa19MUXRIRmVJZTN5RjNYUDZweFI5azNQWXUtd3RXNVp4ZzdCdlZGOWZ3Q2cwX3NzU2ozWVpxLTdxMHpSOTlNUUZtNkRhZnpxMUxKN2lOQVFDM2JNcGhhZGVodnF3UVpvZ3JGTGhiZlh1WGc?oc=5
2026-05-05 03:00,Zacks,zacks.com,"Pfizer Beats on Q1 Earnings, New & Acquired Drugs Drive Sales Growth",https://news.google.com/rss/articles/CBMiqgFBVV95cUxPZEhSeEtrZnBxb1Q4cmp5SDRlTUdoVHlET3VNYlpIRGk2cEFWNkhFN2Q3YWVOa1h4dDdKc3ZJTkVwWjZfd1BZbHM3VkU1RFc0XzlNRDBvb1BnUjNjVTE5Vy1DQk5fcWVJbUpoM3UxTk9ybnRIOFZzbDNUSy0xRkdORjF0cUZPWndGVFlfN2s0UUN3RTRsWmFxcERPTDhXTmFFUi1mckJFS0dFZw?oc=5
2026-05-06 03:00,Yahoo Finance,finance.yahoo.com,A Look At Pfizer (NYSE:PFE) Valuation After Q1 2026 Beat And Pipeline Progress,https://news.google.com/rss/articles/CBMimwFBVV95cUxNcVpQc1dfWUNQODZiN21MU2d4MkNzQ1NsTEhLQjNuZ2lvb001LTFQZjdyck1vUTB5M016QnZUZUU5b05xWjRtUkZQR3Z4dVZ1YU9iXzdUZ3I0Sk5XNXJPRzdBUWwzUDFwaWpud19vSS1VZUM3VUdyb2tDRzA3YnFWa3E5N3R6US1ucHFYMXpTWFhlbFFIM3JjcnZ4NA?oc=5
2026-05-06 03:00,Yahoo Finance,finance.yahoo.com,"How Pfizer’s Q1 Beat, Oncology Wins and Patent Deals At Pfizer (PFE) Has Changed Its Investment Story",https://news.google.com/rss/articles/CBMingFBVV95cUxQUVJtUmJoMmxIV25TQXlial9LMEdVakQxV1UtcTQwRUhwRXFobG90LXJKcXdDbUhLR1ZfSXZobUI2bUViWnJEQXVsWllhdWJYUDF5eWszNmFpVkIyWkdWLTdROG1ic00tb0x0aUdQc2N6WDdCbXI2Um5fU0JCLThTT2J6TlNoQlBhcll5WVdQblN6M2ExWDFCRVlNSy0wUQ?oc=5
2026-05-07 03:00,Seeking Alpha,seekingalpha.com,Obvious Dividend Traps - 4 We Exited And 1 We Wouldn't Touch With A 10-Foot Pole,https://news.google.com/rss/articles/CBMiugFBVV95cUxQU2ZYdjJNb1lhUkJTX0g1NGNOTWQwNl83OTNGektsZi15Ylc1RVNPMVl1MUtzTUxMWlpqV1VWbTU4WmhXdks5NUNxR1RMbVl6RGc1ekJvdWMwanlaUjdPd0hxM1M5SXYzSG5KOVdGc2Y4dmk5WnEzSHZwN1BsOUVrOU9zQTBtRkpKeGxCODJwdTB5cGtRRl9yNHV3UGFKY3FBOFZhRWkzU0NxWmZTQWR6RzNCclZCSFpjcEE?oc=5
2026-05-07 03:00,The Motley Fool,fool.com,Forget Eli Lilly: These 2 Stocks Have More Upside,https://news.google.com/rss/articles/CBMilgFBVV95cUxNVzF4ekRMeXhnVlRpbnN5Q3A3V1JSb2FqZGxjOW93TDNsdWZjUkZaMElHa2Q0Mml0MmhaM2RDSlpMUjRULTNJY2JnZTRaY240T2R3cEZiQU8wSDZUbXdGa25lODh6MzZJODY5ZkpmM1FUeUZxWmdRck1tUkw4ekpNN09Fclc1MUV0cmxJd2JkWkFyYy1HRXc?oc=5
2026-05-07 03:00,The Motley Fool,fool.com,Pfizer's 6.5% Dividend Yield Looked Too Good to Be True -- but Management Just Silenced the Skeptics,https://news.google.com/rss/articles/CBMimAFBVV95cUxPN0JSYXJhMS1JMzZNSkhUcVJIM3F6Nnd2VTV5OVRNaGw0a19SeXRDc2ZPcFo1ajNMZnpaVVB0NHhidmhCQ28tcjZueXZIVnNfM1RVNUdVc184cVVQRU1yOFQtSmw2RUt3THcxYWdDWmQ1N1g1bmxkWllXeWR2dmg0cmJsMXRlVkhyQVJjM29Damc0NmY2SVpORw?oc=5
2026-05-07 03:00,Yahoo Finance,finance.yahoo.com,Pfizer's 6.5% Dividend Yield Looked Too Good to Be True -- but Management Just Silenced the Skeptics,https://news.google.com/rss/articles/CBMilgFBVV95cUxPdWd5eGpEaHBaZXkzUGJ6RjdTbm9JNy1wS2RLSGRadkxZeEx5ZzNhU3p5eFVQWUYwWXNRWEJreDRBWlJoRVJodFJ3Q1NJa2VEWE0yZ1U1ZHRrTkpJZF9aQVFMV2hpWXFYNkVHcWRfSzF4ajVtOEdDYmVxZ3lDc1RJUVhrNElJb3BFVWpIMXFTTVJKeE0xVnc?oc=5
2026-05-08 03:00,Morningstar,global.morningstar.com,3 US Dividend Stocks for May 2026,https://news.google.com/rss/articles/CBMiekFVX3lxTE5JcDZsUmdqZXdNblUtWUxmakw3Y2hBZml0RWtIRTdtWXFaMG1kVWpkM09Bd1QzdXA0dkQ4ZGtKcUp6LURla2pzbFEwNmxfWE9ETzlLMHFwZUg1bU1UNlJfT21MaktpWFEyUWZFdXRsTEdxc2MxYm5WRkZR?oc=5
2026-05-08 03:00,The Motley Fool,fool.com,3 Healthcare Stocks Every Retiree Should Consider,https://news.google.com/rss/articles/CBMilwFBVV95cUxQLXZZWEt1SU9ub1p1MG9HYWNGNEFnTkFwVFBnSE1uLWxGeHlYa2tVWTNoWlRpV1dCVTRIdk4tVmJhNlFNeElNV2xyZEpreGJzVXIwdVcyM3hkOHZGSWNVeldvekZyQ084RkN5cGdhQ2NuNTNFR0lqOS1fNWVWUjRuNTlvT3ZkbXBBanpKQUVQUGE3Nll1Qk1z?oc=5
2026-05-08 03:00,The Motley Fool,fool.com,"Got $5,000 to Invest in a Volatile Market? Here's Exactly Where I'd Put It.",https://news.google.com/rss/articles/CBMilAFBVV95cUxPQnNOS09GU3gyZkRHV2pTTVpXcnhqRzlUdmpJNG9nTjFNaHphWGNKV1Eya2xBMkZZZGtYb2p1SHFudG9fRmVBXzJpZU5wRVpHUVlUY0hNTmFMQXUtdlo2TXE2YnRpUWRnenQ1MHIyTEU0bjBwNmdpRjR2RDlSbFpsa3cweGNseEhwOVphVkU5NlFLT3ZW?oc=5
2026-05-08 03:00,Yahoo Finance,finance.yahoo.com,Here is Why Pfizer (PFE) One of the Best High Volume Stocks to Invest In,https://news.google.com/rss/articles/CBMikgFBVV95cUxQa21UczVaRm5ROFEyRGdabXBCbGRURi0tSUhUU1RSQzZPZGhoeXRGLXpVY0t6Yno5bkhVTENxbU0zdGxUS1owNWI2aEJ5b0Yxa2dwOHRKRFU2QjNaTFpaajNab2lGMHluSUtMbTl6YVcwX3RnbVk2RlU4LWRNVWp2SWFRWklGRnpFWjlZeVFIQmNmdw?oc=5
2026-05-09 03:00,The Motley Fool,fool.com,Could Buying This Beaten-Down Healthcare Stock Make You Rich If It Recovers?,https://news.google.com/rss/articles/CBMimAFBVV95cUxQdVRBR19mR1VYQ1dNbkw4N185YmJxM1hkTU5pN21id2hMNERobjlfODNPWDFrRE9TdngzemxWTnFqNkZWOGc1cndQQ1FJSGxzRkhES1UyNDJfSXEwQlFvbHptS01zMXFBcE5vbW5Vb3VqczdJd0tuRG1CTDBYdkFBaTktd2pxS0tISk5oeXA4WUNaR3EwcnpRMA?oc=5
2026-05-10 03:00,Yahoo Finance,finance.yahoo.com,Pfizer Advances Oncology Portfolio While Extending Vyndamax Cash Flow Visibility,https://news.google.com/rss/articles/CBMirgFBVV95cUxPUmxSaTdmOHJESG5HaGh3NW5TUWZyeWJsRjlTYkhEbXhOdXZkVVU1NlQyQjVrMWJweE1uQ0dQUm5mNzVEcnRSSEJxeXpndGEteHdudkVrVXdxNWRNLVV2THI5d0RKTU91NzZvbExyUl9fc0RQcnNWd0NuSnN1cUZ4MTZwaVA1M0wtMG5FMVYtVDFjSV9rbHdBREtqUnNPUWJORU1nVXdEQ3NFVEhjU3c?oc=5
2026-05-11 03:00,The Motley Fool,fool.com,Is This a Sign Pfizer's Aggressive Growth Strategy Is Paying Off?,https://news.google.com/rss/articles/CBMilwFBVV95cUxPeWF3dEVJTE5kWHZLVDVncEtKQkljdmpxdExkMjdiMFFSRHhyNG9oSnNhRGdhZ0NwU3dFTjJYVzNqUlBYWTlMLXAzU1RsRXdPcElSNnBOUC0xd21PMmlEQ3FpSU12amdCN2phNF9fTzZ6a0ZJQTJhblU1SE9GWEJYTHU4M294M1p6Z19FQ0ZsYmtpYlhmR0Rn?oc=5
2026-05-11 03:00,Yahoo Finance,finance.yahoo.com,Is Most-Watched Stock Pfizer Inc. (PFE) Worth Betting on Now?,https://news.google.com/rss/articles/CBMimgFBVV95cUxPSjI0ejExUlJxMkVWb1pfZzRFNGZFb2lUM3cwRzZHeVZwUHMzNWdrV0JVby1OMmhnV0txSkxQemo2dFhHdGt2c3hBbFpROWdpb0dfazAyNzUzVjlMeExoc08xVkxWT0VhclBJMTB0YlFhSmRYS3d5eGtSMUMtdTZRSnFQcktaLUJQY2hLNVF6SktmVmVDb3lvejdn?oc=5
2026-05-11 03:00,Yahoo Finance,finance.yahoo.com,Is This a Sign Pfizer's Aggressive Growth Strategy Is Paying Off?,https://news.google.com/rss/articles/CBMirAFBVV95cUxNcFl6Q3E2VGhoaVBnUnNVVlN6a2NXRjJ2STR0UmhENzhyTkJJZnV5RW4wV2NxaEdqU1EwWFZuaWlubkx5X2s3b1R3Ui1qZW82WXFtWmFNYmQ4ZlNpS3Z5QUdWR0dwZDVhX3dmdDVRQjR5bXFCcmlldlVhdzlpbkFxUTNycVJSNzZkQlpDdTRJUDhWMWdYdFdVTUlDODJNY0R5YVJfaHdlTzhyZHJh?oc=5
